Timestamp,M_F_1,M_F_2,M_F_3,M_F_4,M_F_5,M_F_6,M_F_7,M_F_8,U_F_1,U_F_2,U_F_3,U_F_4,U_F_5,U_F_6,U_F_7,U_F_8,M_C_1,M_C_2,M_C_3,M_C_4,M_C_5,M_C_6,M_C_7,M_C_8,U_C_1,U_C_2,U_C_3,U_C_4,U_C_5,U_C_6,U_C_7,U_C_8
"2025-03-02 17:26:11,514",147,166,137,137,165,136,179,161,1000,1000,1000,1000,1000,1000,1000,1000,,,,,,,,,,,,,,,,
"2025-03-02 17:26:11,517",ADC,GAIN,VALUE,=,8,,,,,,,,,,,,,,,,,,,,,,,,,,,
"2025-03-02 17:26:11,519",CAPA,THRESHOLD,=,150,,,,,,,,,,,,,,,,,,,,,,,,,,,,
"2025-03-02 17:26:11,523",1613,1657,1610,1615,1639,1629,1668,1651,3299,3299,3299,3299,3299,3299,3299,3299,0,0,0,0,0,0,0,0,0,0,0,0,0,0,0,0
"2025-03-02 17:26:11,528",1613,1655,1609,1616,1643,1629,1667,1652,3299,3299,3299,3299,3299,3299,3299,3299,0,0,0,0,0,0,0,0,0,0,0,0,0,0,0,0
"2025-03-02 17:26:11,531",1614,1656,1610,1617,1636,1630,1667,1652,3299,3299,3299,3299,3299,3299,3299,3299,0,0,0,0,0,0,0,0,0,0,0,0,0,0,0,0
"2025-03-02 17:26:11,534",1614,1658,1610,1616,1638,1629,1666,1645,3299,3299,3299,3299,3299,3299,3299,3299,0,0,0,0,0,0,0,0,0,0,0,0,0,0,0,0
"2025-03-02 17:26:11,536",1613,1657,1611,1617,1641,1630,1664,1651,3299,3299,3299,3299,3299,3299,3299,3299,0,0,0,0,0,0,0,0,0,0,0,0,0,0,0,0
"2025-03-02 17:26:11,539",1612,1656,1610,1618,1641,1628,1667,1652,3299,3299,3299,3299,3299,3299,3299,3299,0,0,0,0,0,0,0,0,0,0,0,0,0,0,0,0
"2025-03-02 17:26:11,544",1615,1659,1610,1617,1640,1625,1666,1647,3299,3299,3299,3299,3299,3299,3299,3299,0,0,0,0,0,0,0,0,0,0,0,0,0,0,0,0
"2025-03-02 17:26:11,548",1613,1658,1611,1618,1639,1629,1665,1653,3299,3299,3299,3299,3299,3299,3299,3299,0,0,0,0,0,0,0,0,0,0,0,0,0,0,0,0
"2025-03-02 17:26:11,550",1613,1659,1609,1616,1641,1628,1667,1652,3299,3299,3299,3299,3299,3299,3299,3299,0,0,0,0,0,0,0,0,0,0,0,0,0,0,0,0
"2025-03-02 17:26:11,553",1613,1657,1611,1617,1641,1627,1666,1652,3299,3299,3299,3299,3299,3299,3299,3299,0,0,0,0,0,0,0,0,0,0,0,0,0,0,0,0
"2025-03-02 17:26:11,556",1613,1657,1610,1615,1638,1629,1665,1651,3299,3299,3299,3299,3299,3299,3299,3299,0,0,0,0,0,0,0,0,0,0,0,0,0,0,0,0
"2025-03-02 17:26:11,560",1613,1658,1608,1616,1640,1627,1666,1645,3299,3299,3299,3299,3299,3299,3299,3299,0,0,0,0,0,0,0,0,0,0,0,0,0,0,0,0
"2025-03-02 17:26:11,565",1614,1656,1610,1616,1638,1629,1664,1645,3299,3299,3299,3299,3299,3299,3299,3299,0,0,0,0,0,0,0,0,0,0,0,0,0,0,0,0
"2025-03-02 17:26:11,568",1614,1658,1610,1618,1639,1631,1667,1652,3299,3299,3299,3299,3299,3299,3299,3299,0,0,0,0,0,0,0,0,0,0,0,0,0,0,0,0
"2025-03-02 17:26:11,570",1615,1659,1609,1619,1637,1630,1667,1648,3299,3299,3299,3299,3299,3299,3299,3299,0,0,0,0,0,0,0,0,0,0,0,0,0,0,0,0
"2025-03-02 17:26:11,573",1613,1653,1610,1617,1639,1631,1668,1653,3299,3299,3299,3299,3299,3299,3299,3299,0,0,0,0,0,0,0,0,0,0,0,0,0,0,0,0
"2025-03-02 17:26:11,577",1613,1660,1610,1617,1642,1630,1666,1652,3299,3299,3299,3299,3299,3299,3299,3299,0,0,0,0,0,0,0,0,0,0,0,0,0,0,0,0
"2025-03-02 17:26:11,580",1612,1657,1609,1618,1637,1630,1665,1649,3299,3299,3299,3299,3299,3299,3299,3299,0,0,0,0,0,0,0,0,0,0,0,0,0,0,0,0
"2025-03-02 17:26:11,583",1613,1653,1611,1617,1638,1629,1667,1648,3299,3299,3299,3299,3299,3299,3299,3299,0,0,0,0,0,0,0,0,0,0,0,0,0,0,0,0
"2025-03-02 17:26:11,586",1613,1659,1611,1618,1638,1631,1666,1652,3299,3299,3299,3299,3299,3299,3299,3299,0,0,0,0,0,0,0,0,0,0,0,0,0,0,0,0
"2025-03-02 17:26:11,590",1615,1660,1611,1616,1643,1629,1667,1653,3299,3299,3299,3299,3299,3299,3299,3299,0,0,0,0,0,0,0,0,0,0,0,0,0,0,0,0
"2025-03-02 17:26:11,594",1613,1654,1611,1619,1639,1631,1660,1648,3299,3299,3299,3299,3299,3299,3299,3299,0,0,0,0,0,0,0,0,0,0,0,0,0,0,0,0
"2025-03-02 17:26:11,597",1612,1657,1610,1617,1640,1628,1667,1647,3299,3299,3299,3299,3299,3299,3299,3299,0,0,0,0,0,0,0,0,0,0,0,0,0,0,0,0
"2025-03-02 17:26:11,600",1613,1657,1610,1617,1640,1629,1666,1653,3299,3299,3299,3299,3299,3299,3299,3299,0,0,0,0,0,0,0,0,0,0,0,0,0,0,0,0
"2025-03-02 17:26:11,603",1613,1659,1610,1617,1638,1630,1667,1652,3299,3299,3299,3299,3299,3299,3299,3299,0,0,0,0,0,0,0,0,0,0,0,0,0,0,0,0
"2025-03-02 17:26:11,606",1614,1659,1609,1618,1638,1629,1667,1651,3299,3299,3299,3299,3299,3299,3299,3299,0,0,0,0,0,0,0,0,0,0,0,0,0,0,0,0
"2025-03-02 17:26:11,610",1613,1658,1611,1617,1639,1630,1666,1651,3299,3299,3299,3299,3299,3299,3299,3299,0,0,0,0,0,0,0,0,0,0,0,0,0,0,0,0
"2025-03-02 17:26:11,612",1612,1658,1611,1615,1642,1628,1666,1653,3299,3299,3299,3299,3299,3299,3299,3299,0,0,0,0,0,0,0,0,0,0,0,0,0,0,0,0
"2025-03-02 17:26:11,615",1613,1658,1610,1617,1641,1628,1665,1652,3299,3299,3299,3299,3299,3299,3299,3299,0,0,0,0,0,0,0,0,0,0,0,0,0,0,0,0
"2025-03-02 17:26:11,618",1613,1659,1611,1618,1643,1629,1666,1653,3299,3299,3299,3299,3299,3299,3299,3299,0,0,0,0,0,0,0,0,0,0,0,0,0,0,0,0
"2025-03-02 17:26:11,634",1613,1659,1611,1619,1639,1630,1667,1650,3299,3299,3299,3299,3299,3299,3299,3299,0,0,0,0,0,0,0,0,0,0,0,0,0,0,0,0
"2025-03-02 17:26:11,655",1614,1658,1611,1615,1640,1629,1664,1651,3299,3299,3299,3299,3299,3299,3299,3299,0,0,0,0,0,0,0,0,0,0,0,0,0,0,0,0
"2025-03-02 17:26:11,675",1615,1659,1610,1618,1640,1627,1668,1654,3299,3299,3299,3299,3299,3299,3299,3299,0,0,0,0,0,0,0,0,0,0,0,0,0,0,0,0
"2025-03-02 17:26:11,695",1614,1658,1610,1619,1639,1630,1667,1650,3299,3299,3299,3299,3299,3299,3299,3299,0,0,0,0,0,0,0,0,0,0,0,0,0,0,0,0
"2025-03-02 17:26:11,715",1614,1658,1611,1616,1642,1627,1666,1652,3299,3299,3299,3299,3299,3299,3299,3299,0,0,0,0,0,0,0,0,0,0,0,0,0,0,0,0
"2025-03-02 17:26:11,735",1614,1659,1611,1617,1641,1627,1662,1651,3299,3299,3299,3299,3299,3299,3299,3299,0,0,0,0,0,0,0,0,0,0,0,0,0,0,0,0
"2025-03-02 17:26:11,755",1612,1659,1611,1616,1639,1628,1666,1652,3299,3299,3299,3299,3299,3299,3299,3299,0,0,0,0,0,0,0,0,0,0,0,0,0,0,0,0
"2025-03-02 17:26:11,775",1614,1658,1612,1617,1638,1629,1667,1653,3299,3299,3299,3299,3299,3299,3299,3299,0,0,0,0,0,0,0,0,0,0,0,0,0,0,0,0
"2025-03-02 17:26:11,795",1615,1654,1609,1617,1639,1629,1668,1652,3299,3299,3299,3299,3299,3299,3299,3299,0,0,0,0,0,0,0,0,0,0,0,0,0,0,0,0
"2025-03-02 17:26:11,815",1613,1657,1611,1615,1641,1630,1667,1653,3299,3299,3299,3299,3299,3299,3299,3299,0,0,0,0,0,0,0,0,0,0,0,0,0,0,0,0
"2025-03-02 17:26:11,835",1614,1653,1609,1619,1639,1630,1667,1646,3299,3299,3299,3299,3299,3299,3299,3299,0,0,0,0,0,0,0,0,0,0,0,0,0,0,0,0
"2025-03-02 17:26:11,855",1613,1657,1610,1616,1639,1628,1663,1653,3299,3299,3299,3299,3299,3299,3299,3299,0,0,0,0,0,0,0,0,0,0,0,0,0,0,0,0
"2025-03-02 17:26:11,875",1614,1652,1610,1617,1639,1629,1668,1653,3299,3299,3299,3299,3299,3299,3299,3299,0,0,0,0,0,0,0,0,0,0,0,0,0,0,0,0
"2025-03-02 17:26:11,894",1614,1658,1611,1616,1638,1629,1667,1645,3299,3299,3299,3299,3299,3299,3299,3299,0,0,0,0,0,0,0,0,0,0,0,0,0,0,0,0
"2025-03-02 17:26:11,915",1613,1656,1607,1615,1638,1629,1663,1651,3299,3299,3299,3299,3299,3299,3299,3299,0,0,0,0,0,0,0,0,0,0,0,0,0,0,0,0
"2025-03-02 17:26:11,934",1613,1660,1610,1617,1642,1628,1661,1653,3299,3299,3299,3299,3299,3299,3299,3299,0,0,0,0,0,0,0,0,0,0,0,0,0,0,0,0
"2025-03-02 17:26:11,955",1614,1658,1611,1616,1638,1629,1667,1653,3299,3299,3299,3299,3299,3299,3299,3299,0,0,0,0,0,0,0,0,0,0,0,0,0,0,0,0
"2025-03-02 17:26:11,975",1613,1660,1610,1618,1641,1630,1666,1652,3299,3299,3299,3299,3299,3299,3299,3299,0,0,0,0,0,0,0,0,0,0,0,0,0,0,0,0
"2025-03-02 17:26:11,994",1614,1657,1609,1617,1638,1631,1663,1653,3299,3299,3299,3299,3299,3299,3299,3299,0,0,0,0,0,0,0,0,0,0,0,0,0,0,0,0
"2025-03-02 17:26:12,014",1612,1655,1611,1617,1639,1628,1666,1651,3299,3299,3299,3299,3299,3299,3299,3299,0,0,0,0,0,0,0,0,0,0,0,0,0,0,0,0
"2025-03-02 17:26:12,035",1614,1657,1610,1618,1640,1630,1665,1651,3299,3299,3299,3299,3299,3299,3299,3299,0,0,0,0,0,0,0,0,0,0,0,0,0,0,0,0
"2025-03-02 17:26:12,054",1615,1654,1609,1616,1639,1630,1663,1653,3299,3299,3299,3299,3299,3299,3299,3299,0,0,0,0,0,0,0,0,0,0,0,0,0,0,0,0
"2025-03-02 17:26:12,074",1613,1659,1611,1615,1638,1630,1667,1652,3299,3299,3299,3299,3299,3299,3299,3299,0,0,0,0,0,0,0,0,0,0,0,0,0,0,0,0
"2025-03-02 17:26:12,094",1613,1658,1610,1617,1641,1630,1667,1651,3299,3299,3299,3299,3299,3299,3299,3299,0,0,0,0,0,0,0,0,0,0,0,0,0,0,0,0
"2025-03-02 17:26:12,114",1614,1657,1611,1617,1638,1630,1664,1650,3299,3299,3299,3299,3299,3299,3299,3299,0,0,0,0,0,0,0,0,0,0,0,0,0,0,0,0
"2025-03-02 17:26:12,135",1615,1655,1611,1617,1638,1631,1665,1653,3299,3299,3299,3299,3299,3299,3299,3299,0,0,0,0,0,0,0,0,0,0,0,0,0,0,0,0
"2025-03-02 17:26:12,154",1615,1659,1610,1615,1640,1627,1665,1651,3299,3299,3299,3299,3299,3299,3299,3299,0,0,0,0,0,0,0,0,0,0,0,0,0,0,0,0
"2025-03-02 17:26:12,175",1613,1656,1610,1618,1639,1630,1662,1651,3299,3299,3299,3299,3299,3299,3299,3299,0,0,0,0,0,0,0,0,0,0,0,0,0,0,0,0
"2025-03-02 17:26:12,194",1612,1655,1611,1617,1639,1628,1666,1651,3299,3299,3299,3299,3299,3299,3299,3299,0,0,0,0,0,0,0,0,0,0,0,0,0,0,0,0
"2025-03-02 17:26:12,215",1613,1659,1609,1618,1641,1627,1666,1653,3299,3299,3299,3299,3299,3299,3299,3299,0,0,0,0,0,0,0,0,0,0,0,0,0,0,0,0
"2025-03-02 17:26:12,235",1615,1658,1610,1617,1637,1632,1666,1651,3299,3299,3299,3299,3299,3299,3299,3299,0,0,0,0,0,0,0,0,0,0,0,0,0,0,0,0
"2025-03-02 17:26:12,255",1614,1658,1609,1616,1643,1630,1660,1652,3299,3299,3299,3299,3299,3299,3299,3299,0,0,0,0,0,0,0,0,0,0,0,0,0,0,0,0
"2025-03-02 17:26:12,276",1613,1659,1608,1617,1642,1629,1662,1654,3299,3299,3299,3299,3299,3299,3299,3299,0,0,0,0,0,0,0,1,0,0,0,0,0,0,0,0
"2025-03-02 17:26:12,295",1614,1654,1611,1616,1640,1629,1663,1649,3299,3299,3299,3299,3299,3299,3299,3299,0,0,0,0,0,0,0,1,0,0,0,0,0,0,0,0
"2025-03-02 17:26:12,316",1615,1658,1609,1616,1641,1627,1664,1651,3299,3299,3299,3299,3299,3299,3299,3299,0,0,0,0,0,0,0,1,0,0,0,0,0,0,0,0
"2025-03-02 17:26:12,336",1612,1654,1610,1618,1641,1628,1667,1648,3299,3299,3299,3299,3299,3299,3299,3299,0,0,0,0,0,0,0,1,0,0,0,0,0,0,0,0
"2025-03-02 17:26:12,355",1613,1657,1611,1617,1645,1630,1661,1652,3299,3299,3299,3299,3299,3299,3299,3299,0,0,0,0,0,0,0,1,0,0,0,0,0,0,0,0
"2025-03-02 17:26:12,375",1612,1655,1610,1618,1642,1630,1665,1649,3299,3299,3299,3299,3299,3299,3299,3299,0,0,0,0,0,0,0,1,0,0,0,0,0,0,0,0
"2025-03-02 17:26:12,394",1614,1658,1610,1617,1647,1633,1666,1650,3299,3299,3299,3299,3299,3299,3299,3299,0,0,0,0,0,0,0,1,0,0,0,0,0,0,0,0
"2025-03-02 17:26:12,415",1613,1659,1612,1618,1642,1632,1666,1652,3299,3299,3299,3299,3299,3299,3299,3299,0,0,0,0,0,0,0,1,0,0,0,0,0,0,0,0
"2025-03-02 17:26:12,434",1614,1651,1611,1618,1646,1629,1665,1649,3299,3299,3299,3299,3299,3299,3299,3299,0,0,0,0,0,0,0,1,0,0,0,0,0,0,0,0
"2025-03-02 17:26:12,443",1614,1655,1611,1618,1648,1630,1668,1650,3299,3299,3299,3299,3299,3299,3299,3299,0,0,0,0,1,0,0,1,0,0,0,0,0,0,0,0
"2025-03-02 17:26:12,474",1614,1658,1611,1617,1650,1628,1666,1647,3299,3299,3299,3299,3299,3299,3299,3299,0,0,0,0,1,0,0,1,0,0,0,0,0,0,0,0
"2025-03-02 17:26:12,494",1615,1658,1610,1619,1649,1630,1667,1650,3299,3299,3299,3299,3299,3299,3299,3299,0,0,0,0,1,0,0,1,0,0,0,0,0,0,0,0
"2025-03-02 17:26:12,515",1614,1659,1611,1619,1652,1631,1667,1650,3299,3299,3299,3299,3299,3299,3299,3299,0,0,0,0,1,0,0,1,0,0,0,0,0,0,0,0
"2025-03-02 17:26:12,534",1613,1659,1610,1619,1654,1631,1667,1651,3299,3299,3299,3299,3299,3299,3299,3299,0,0,0,0,1,0,0,1,0,0,0,0,0,0,0,0
"2025-03-02 17:26:12,555",1616,1656,1611,1618,1657,1634,1666,1651,3299,3299,3299,3299,3299,3299,3299,3299,0,0,0,0,1,0,0,1,0,0,0,0,0,0,0,0
"2025-03-02 17:26:12,576",1612,1657,1612,1617,1658,1631,1667,1645,3299,3299,3299,3299,3299,3299,3299,3299,0,0,0,0,1,0,0,1,0,0,0,0,0,0,0,0
"2025-03-02 17:26:12,596",1613,1658,1611,1617,1661,1633,1667,1645,3299,3299,3299,3299,3299,3299,3299,3299,0,0,0,0,1,0,0,1,0,0,0,0,0,0,0,0
"2025-03-02 17:26:12,615",1614,1656,1612,1616,1660,1631,1666,1646,3299,3299,3299,3299,3299,3299,3299,3299,0,0,0,0,1,0,0,1,0,0,0,0,0,0,0,0
"2025-03-02 17:26:12,635",1613,1653,1614,1616,1658,1632,1668,1652,3299,3299,3299,3299,3299,3299,3299,3299,0,0,0,0,1,0,0,1,0,0,0,0,0,0,0,0
"2025-03-02 17:26:12,654",1613,1657,1611,1617,1659,1633,1666,1649,3299,3299,3299,3299,3299,3299,3299,3299,0,0,0,0,1,0,0,1,0,0,0,0,0,0,0,0
"2025-03-02 17:26:12,675",1613,1655,1612,1617,1660,1631,1669,1650,3299,3299,3299,3299,3299,3299,3299,3299,0,0,0,0,1,0,0,1,0,0,0,0,0,0,0,0
"2025-03-02 17:26:12,694",1612,1658,1612,1618,1660,1632,1666,1647,3299,3299,3299,3299,3299,3299,3299,3299,0,0,0,0,1,0,0,1,0,0,0,0,0,0,0,0
"2025-03-02 17:26:12,714",1613,1659,1610,1618,1661,1631,1668,1652,3299,3299,3299,3299,3299,3299,3299,3299,0,0,0,0,1,0,0,1,0,0,0,0,0,0,0,0
"2025-03-02 17:26:12,734",1613,1658,1612,1619,1661,1629,1666,1650,3299,3299,3299,3299,3299,3299,3299,3299,0,0,0,0,1,0,0,1,0,0,0,0,0,0,0,0
"2025-03-02 17:26:12,755",1612,1656,1612,1618,1660,1632,1669,1647,3299,3299,3299,3299,3299,3299,3299,3299,0,0,0,0,1,0,0,1,0,0,0,0,0,0,0,0
"2025-03-02 17:26:12,774",1613,1659,1612,1616,1651,1633,1665,1644,3299,3299,3299,3299,3299,3299,3299,3299,0,0,0,0,1,0,0,1,0,0,0,0,0,0,0,0
"2025-03-02 17:26:12,794",1614,1653,1610,1616,1657,1630,1664,1652,3299,3299,3299,3299,3299,3299,3299,3299,0,0,0,0,1,0,0,1,0,0,0,0,0,0,0,0
"2025-03-02 17:26:12,814",1613,1658,1612,1616,1653,1632,1666,1651,3299,3299,3299,3299,3299,3299,3299,3299,0,0,0,0,1,0,0,1,0,0,0,0,0,0,0,0
"2025-03-02 17:26:12,834",1612,1653,1612,1618,1649,1629,1666,1651,3299,3299,3299,3299,3299,3299,3299,3299,0,0,0,0,1,0,0,1,0,0,0,0,0,0,0,0
"2025-03-02 17:26:12,854",1613,1656,1612,1617,1650,1633,1665,1652,3299,3299,3299,3299,3299,3299,3299,3299,0,0,0,0,1,0,0,1,0,0,0,0,0,0,0,0
"2025-03-02 17:26:12,874",1614,1659,1613,1618,1647,1630,1666,1644,3299,3299,3299,3299,3299,3299,3299,3299,0,0,0,0,1,0,0,1,0,0,0,0,0,0,0,0
"2025-03-02 17:26:12,895",1613,1654,1610,1618,1649,1628,1666,1647,3299,3299,3299,3299,3299,3299,3299,3299,0,0,0,0,1,0,0,1,0,0,0,0,0,0,0,0
"2025-03-02 17:26:12,914",1613,1657,1612,1618,1648,1631,1668,1654,3299,3299,3299,3299,3299,3299,3299,3299,0,0,0,0,1,0,0,1,0,0,0,0,0,0,0,0
"2025-03-02 17:26:12,934",1613,1657,1612,1619,1649,1629,1668,1651,3299,3299,3299,3299,3299,3299,3299,3299,0,0,0,0,1,0,0,1,0,0,0,0,0,0,0,0
"2025-03-02 17:26:12,955",1613,1658,1613,1619,1654,1627,1666,1652,3299,3299,3299,3299,3299,3299,3299,3299,0,0,0,0,1,0,0,1,0,0,0,0,0,0,0,0
"2025-03-02 17:26:12,974",1614,1658,1613,1619,1656,1632,1666,1649,3299,3299,3299,3299,3299,3299,3299,3299,0,0,0,0,1,0,0,1,0,0,0,0,0,0,0,0
"2025-03-02 17:26:12,994",1614,1658,1610,1619,1656,1633,1668,1646,3299,3299,3299,3299,3299,3299,3299,3299,0,0,0,0,1,0,0,1,0,0,0,0,0,0,0,0
"2025-03-02 17:26:13,015",1613,1658,1612,1619,1650,1632,1666,1651,3299,3299,3299,3299,3299,3299,3299,3299,0,0,0,0,1,0,0,1,0,0,0,0,0,0,0,0
"2025-03-02 17:26:13,034",1612,1658,1614,1621,1652,1631,1662,1650,3299,3299,3299,3299,3299,3299,3299,3299,0,0,0,0,1,0,0,1,0,0,0,0,0,0,0,0
"2025-03-02 17:26:13,054",1613,1658,1613,1621,1651,1633,1667,1649,3299,3299,3299,3299,3299,3299,3299,3299,0,0,0,0,1,0,0,1,0,0,0,0,0,0,0,0
"2025-03-02 17:26:13,075",1614,1659,1614,1623,1649,1633,1667,1649,3299,3299,3299,3299,3299,3299,3299,3299,0,0,0,0,1,0,0,1,0,0,0,0,0,0,0,0
"2025-03-02 17:26:13,094",1612,1658,1616,1626,1648,1632,1662,1643,3299,3299,3299,3299,3299,3299,3299,3299,0,0,0,1,1,0,0,1,0,0,0,0,0,0,0,0
"2025-03-02 17:26:13,114",1613,1660,1616,1631,1648,1631,1666,1645,3299,3299,3299,3299,3299,3299,3299,3299,0,0,0,1,1,0,0,1,0,0,0,0,0,0,0,0
"2025-03-02 17:26:13,134",1613,1659,1617,1636,1647,1635,1666,1648,3299,3299,3299,3299,3299,3299,3299,3299,0,0,0,1,1,0,0,1,0,0,0,0,0,0,0,0
"2025-03-02 17:26:13,155",1611,1660,1619,1643,1646,1631,1663,1651,3299,3299,3299,3299,3299,3299,3299,3299,0,0,0,1,1,0,0,1,0,0,0,0,0,0,0,0
"2025-03-02 17:26:13,174",1612,1660,1619,1650,1646,1637,1667,1653,3299,3299,3299,3299,3299,3299,3299,3299,0,0,0,1,1,0,0,1,0,0,0,0,0,0,0,0
"2025-03-02 17:26:13,194",1613,1661,1621,1655,1644,1634,1669,1652,3299,3299,3299,3299,3299,3299,3299,3299,0,0,0,1,1,0,0,1,0,0,0,0,0,0,0,0
"2025-03-02 17:26:13,214",1613,1660,1622,1656,1647,1635,1668,1651,3299,3299,3299,3299,3299,3299,3299,3299,0,0,0,1,0,0,0,1,0,0,0,0,0,0,0,0
"2025-03-02 17:26:13,235",1613,1662,1625,1654,1645,1635,1669,1652,3299,3299,3299,3299,3299,3299,3299,3299,0,0,0,1,0,0,0,1,0,0,0,0,0,0,0,0
"2025-03-02 17:26:13,255",1614,1662,1628,1651,1644,1635,1671,1651,3299,3299,3299,3299,3299,3299,3299,3299,0,0,0,1,0,0,0,1,0,0,0,0,0,0,0,0
"2025-03-02 17:26:13,275",1614,1663,1630,1647,1644,1633,1669,1652,3299,3299,3299,3299,3299,3299,3299,3299,0,0,0,1,0,0,0,1,0,0,0,0,0,0,0,0
"2025-03-02 17:26:13,294",1613,1666,1634,1640,1646,1636,1670,1651,3299,3299,3299,3299,3299,3299,3299,3299,0,0,0,1,0,0,0,1,0,0,0,0,0,0,0,0
"2025-03-02 17:26:13,315",1612,1666,1636,1637,1644,1631,1671,1650,3299,3299,3299,3299,3299,3299,3299,3299,0,0,0,1,0,0,0,1,0,0,0,0,0,0,0,0
"2025-03-02 17:26:13,334",1615,1667,1635,1630,1644,1636,1671,1645,3299,3299,3299,3299,3299,3299,3299,3299,0,0,1,1,0,0,0,1,0,0,0,0,0,0,0,0
"2025-03-02 17:26:13,354",1613,1666,1639,1629,1644,1637,1671,1652,3299,3299,3299,3299,3299,3299,3299,3299,0,0,1,1,0,0,0,1,0,0,0,0,0,0,0,0
"2025-03-02 17:26:13,374",1613,1668,1636,1627,1640,1634,1670,1651,3299,3299,3299,3299,3299,3299,3299,3299,0,0,1,1,0,0,0,1,0,0,0,0,0,0,0,0
"2025-03-02 17:26:13,394",1613,1669,1633,1625,1641,1630,1669,1653,3299,3299,3299,3299,3299,3299,3299,3299,0,0,1,1,0,0,0,1,0,0,0,0,0,0,0,0
"2025-03-02 17:26:13,414",1615,1669,1630,1624,1644,1633,1671,1652,3299,3299,3299,3299,3299,3299,3299,3299,0,0,1,1,0,0,0,1,0,0,0,0,0,0,0,0
"2025-03-02 17:26:13,434",1616,1673,1625,1623,1641,1632,1670,1653,3299,3299,3299,3299,3299,3299,3299,3299,0,0,1,1,0,0,0,1,0,0,0,0,0,0,0,0
"2025-03-02 17:26:13,454",1616,1675,1625,1621,1638,1632,1671,1651,3299,3299,3299,3299,3299,3299,3299,3299,0,0,1,1,0,0,0,1,0,0,0,0,0,0,0,0
"2025-03-02 17:26:13,474",1615,1675,1621,1620,1640,1630,1670,1652,3299,3299,3299,3299,3299,3299,3299,3299,0,0,1,1,0,0,0,1,0,0,0,0,0,0,0,0
"2025-03-02 17:26:13,495",1617,1677,1622,1619,1643,1631,1669,1653,3299,3299,3299,3299,3299,3299,3299,3299,0,0,1,0,0,0,0,1,0,0,0,0,0,0,0,0
"2025-03-02 17:26:13,514",1620,1676,1618,1620,1644,1632,1665,1653,3299,3299,3299,3299,3299,3299,3299,3299,0,1,1,0,0,0,0,1,0,0,0,0,0,0,0,0
"2025-03-02 17:26:13,535",1620,1675,1618,1618,1639,1631,1670,1652,3299,3299,3299,3299,3299,3299,3299,3299,0,1,1,0,0,0,0,1,0,0,0,0,0,0,0,0
"2025-03-02 17:26:13,554",1624,1678,1617,1618,1641,1630,1665,1653,3299,3299,3299,3299,3299,3299,3299,3299,0,1,0,0,0,0,0,1,0,0,0,0,0,0,0,0
"2025-03-02 17:26:13,575",1625,1678,1614,1616,1640,1629,1668,1653,3299,3299,3299,3299,3299,3299,3299,3299,0,1,0,0,0,0,0,1,0,0,0,0,0,0,0,0
"2025-03-02 17:26:13,594",1631,1679,1615,1619,1638,1634,1669,1653,3299,3299,3299,3299,3299,3299,3299,3299,0,1,0,0,0,0,0,1,0,0,0,0,0,0,0,0
"2025-03-02 17:26:13,614",1634,1680,1614,1617,1641,1632,1665,1655,3299,3299,3299,3299,3299,3299,3299,3299,1,1,0,0,0,0,0,0,0,0,0,0,0,0,0,0
"2025-03-02 17:26:13,633",1643,1677,1613,1617,1639,1631,1671,1653,3299,3299,3299,3299,3299,3299,3299,3299,1,1,0,0,0,0,0,0,0,0,0,0,0,0,0,0
"2025-03-02 17:26:13,654",1658,1678,1613,1618,1642,1628,1670,1651,3299,3299,3299,3299,3299,3299,3299,3299,1,1,0,0,0,0,0,0,0,0,0,0,0,0,0,0
"2025-03-02 17:26:13,674",1673,1677,1613,1617,1643,1631,1671,1648,3299,3299,3299,3299,3299,3299,3299,3299,1,1,0,0,0,0,0,0,0,0,0,0,0,0,0,0
"2025-03-02 17:26:13,694",1695,1677,1613,1617,1641,1632,1673,1655,3299,3299,3299,3299,3299,3299,3299,3299,1,0,0,0,0,0,0,0,0,0,0,0,0,0,0,0
"2025-03-02 17:26:13,714",1714,1680,1614,1617,1640,1629,1674,1656,3299,3299,3299,3299,3299,3299,3299,3299,1,0,0,0,0,0,0,0,0,0,0,0,0,0,0,0
"2025-03-02 17:26:13,734",1724,1679,1612,1618,1641,1631,1675,1659,3299,3299,3299,3299,3299,3299,3299,3299,1,0,0,0,0,0,0,0,0,0,0,0,0,0,0,0
"2025-03-02 17:26:13,755",1731,1679,1610,1616,1638,1631,1678,1662,3299,3299,3299,3299,3299,3299,3299,3299,1,0,0,0,0,0,0,0,0,0,0,0,0,0,0,0
"2025-03-02 17:26:13,776",1724,1676,1613,1617,1637,1629,1676,1663,3299,3299,3299,3299,3299,3299,3299,3299,1,0,0,0,0,0,0,0,0,0,0,0,0,0,0,0
"2025-03-02 17:26:13,794",1704,1679,1612,1616,1637,1633,1677,1662,3299,3299,3299,3299,3299,3299,3299,3299,1,0,0,0,0,0,0,0,0,0,0,0,0,0,0,0
"2025-03-02 17:26:13,815",1688,1676,1612,1615,1640,1632,1676,1665,3299,3299,3299,3299,3299,3299,3299,3299,1,0,0,0,0,0,0,1,0,0,0,0,0,0,0,0
"2025-03-02 17:26:13,835",1677,1676,1612,1616,1641,1632,1680,1673,3299,3299,3299,3299,3299,3299,3299,3299,1,0,0,0,0,0,0,1,0,0,0,0,0,0,0,0
"2025-03-02 17:26:13,855",1666,1674,1611,1617,1641,1631,1680,1679,3299,3299,3299,3299,3299,3299,3299,3299,1,0,0,0,0,0,0,1,0,0,0,0,0,0,0,0
"2025-03-02 17:26:13,875",1653,1674,1612,1617,1639,1629,1679,1683,3299,3299,3299,3299,3299,3299,3299,3299,1,0,0,0,0,0,0,1,0,0,0,0,0,0,0,0
"2025-03-02 17:26:13,894",1645,1674,1609,1617,1639,1627,1682,1694,3299,3299,3299,3299,3299,3299,3299,3299,1,0,0,0,0,0,0,1,0,0,0,0,0,0,0,0
"2025-03-02 17:26:13,914",1641,1669,1612,1616,1636,1631,1680,1703,3299,3299,3299,3299,3299,3299,3299,3299,1,0,0,0,0,0,0,1,0,0,0,0,0,0,0,0
"2025-03-02 17:26:13,934",1638,1670,1610,1616,1639,1631,1680,1711,3299,3299,3299,3299,3299,3299,3299,3299,1,0,0,0,0,0,0,1,0,0,0,0,0,0,0,0
"2025-03-02 17:26:13,953",1633,1667,1611,1616,1638,1631,1681,1718,3299,3299,3299,3299,3299,3299,3299,3299,1,0,0,0,0,0,0,1,0,0,0,0,0,0,0,0
"2025-03-02 17:26:13,974",1630,1667,1611,1616,1639,1627,1679,1723,3299,3299,3299,3299,3299,3299,3299,3299,1,0,0,0,0,0,0,1,0,0,0,0,0,0,0,0
"2025-03-02 17:26:13,994",1626,1667,1612,1616,1638,1630,1677,1719,3299,3299,3299,3299,3299,3299,3299,3299,1,0,0,0,0,0,0,1,0,0,0,0,0,0,0,0
"2025-03-02 17:26:14,014",1626,1666,1610,1616,1639,1628,1675,1714,3299,3299,3299,3299,3299,3299,3299,3299,0,0,0,0,0,0,0,1,0,0,0,0,0,0,0,0
"2025-03-02 17:26:14,034",1624,1665,1612,1615,1641,1629,1674,1712,3299,3299,3299,3299,3299,3299,3299,3299,0,0,0,0,0,0,0,1,0,0,0,0,0,0,0,0
"2025-03-02 17:26:14,053",1623,1664,1611,1617,1638,1631,1676,1705,3299,3299,3299,3299,3299,3299,3299,3299,0,0,0,0,0,0,0,1,0,0,0,0,0,0,0,0
"2025-03-02 17:26:14,073",1622,1663,1611,1618,1642,1628,1673,1698,3299,3299,3299,3299,3299,3299,3299,3299,0,0,0,0,0,0,0,1,0,0,0,0,0,0,0,0
"2025-03-02 17:26:14,094",1621,1663,1610,1617,1639,1627,1666,1688,3299,3299,3299,3299,3299,3299,3299,3299,0,0,0,0,0,0,0,1,0,0,0,0,0,0,0,0
"2025-03-02 17:26:14,114",1620,1662,1611,1617,1639,1629,1672,1680,3299,3299,3299,3299,3299,3299,3299,3299,0,0,0,0,0,0,0,1,0,0,0,0,0,0,0,0
"2025-03-02 17:26:14,134",1619,1661,1612,1616,1639,1630,1668,1673,3299,3299,3299,3299,3299,3299,3299,3299,0,0,0,0,0,0,0,1,0,0,0,0,0,0,0,0
"2025-03-02 17:26:14,154",1620,1655,1611,1616,1642,1629,1668,1665,3299,3299,3299,3299,3299,3299,3299,3299,0,0,0,0,0,0,0,1,0,0,0,0,0,0,0,0
"2025-03-02 17:26:14,174",1618,1657,1613,1616,1640,1626,1666,1661,3299,3299,3299,3299,3299,3299,3299,3299,0,0,0,0,0,0,0,1,0,0,0,0,0,0,0,0
"2025-03-02 17:26:14,194",1618,1662,1610,1615,1641,1628,1668,1661,3299,3299,3299,3299,3299,3299,3299,3299,0,0,0,0,0,0,0,1,0,0,0,0,0,0,0,0
"2025-03-02 17:26:14,214",1619,1660,1611,1616,1641,1629,1667,1664,3299,3299,3299,3299,3299,3299,3299,3299,0,0,0,0,0,0,0,1,0,0,0,0,0,0,0,0
"2025-03-02 17:26:14,234",1618,1660,1612,1616,1640,1627,1667,1659,3299,3299,3299,3299,3299,3299,3299,3299,0,0,0,0,0,0,0,1,0,0,0,0,0,0,0,0
"2025-03-02 17:26:14,254",1617,1659,1611,1616,1638,1629,1665,1661,3299,3299,3299,3299,3299,3299,3299,3299,0,0,0,0,0,0,0,1,0,0,0,0,0,0,0,0
"2025-03-02 17:26:14,274",1619,1661,1610,1618,1639,1631,1668,1661,3299,3299,3299,3299,3299,3299,3299,3299,0,0,0,0,0,0,0,1,0,0,0,0,0,0,0,0
"2025-03-02 17:26:14,294",1619,1659,1610,1615,1639,1629,1667,1656,3299,3299,3299,3299,3299,3299,3299,3299,0,0,0,0,0,0,0,1,0,0,0,0,0,0,0,0
"2025-03-02 17:26:14,314",1617,1659,1610,1616,1642,1627,1668,1655,3299,3299,3299,3299,3299,3299,3299,3299,0,0,0,0,0,0,0,1,0,0,0,0,0,0,0,0
"2025-03-02 17:26:14,334",1617,1660,1611,1616,1640,1631,1670,1652,3299,3299,3299,3299,3299,3299,3299,3299,0,0,0,0,0,0,0,1,0,0,0,0,0,0,0,0
"2025-03-02 17:26:14,355",1616,1658,1610,1616,1638,1630,1668,1657,3299,3299,3299,3299,3299,3299,3299,3299,0,0,0,0,0,0,0,1,0,0,0,0,0,0,0,0
"2025-03-02 17:26:14,375",1617,1659,1610,1617,1639,1629,1669,1656,3299,3299,3299,3299,3299,3299,3299,3299,0,0,0,0,0,0,0,1,0,0,0,0,0,0,0,0
"2025-03-02 17:26:14,394",1615,1662,1610,1618,1639,1630,1668,1657,3299,3299,3299,3299,3299,3299,3299,3299,0,0,0,0,0,0,0,1,0,0,0,0,0,0,0,0
"2025-03-02 17:26:14,414",1617,1657,1611,1616,1643,1632,1667,1655,3299,3299,3299,3299,3299,3299,3299,3299,0,0,0,0,0,0,0,1,0,0,0,0,0,0,0,0
"2025-03-02 17:26:14,434",1616,1657,1610,1617,1641,1629,1668,1655,3299,3299,3299,3299,3299,3299,3299,3299,0,0,0,0,0,0,0,1,0,0,0,0,0,0,0,0
"2025-03-02 17:26:14,454",1617,1659,1610,1616,1640,1631,1667,1655,3299,3299,3299,3299,3299,3299,3299,3299,0,0,0,0,0,0,0,1,0,0,0,0,0,0,0,0
"2025-03-02 17:26:14,474",1616,1659,1610,1619,1640,1631,1667,1658,3299,3299,3299,3299,3299,3299,3299,3299,0,0,0,0,0,0,0,1,0,0,0,0,0,0,0,0
"2025-03-02 17:26:14,494",1617,1661,1612,1618,1642,1629,1665,1655,3299,3299,3299,3299,3299,3299,3299,3299,0,0,0,0,0,0,0,1,0,0,0,0,0,0,0,0
"2025-03-02 17:26:14,514",1616,1659,1611,1616,1640,1629,1668,1655,3299,3299,3299,3299,3299,3299,3299,3299,0,0,0,0,0,0,0,1,0,0,0,0,0,0,0,0
"2025-03-02 17:26:14,534",1616,1659,1609,1616,1643,1629,1667,1655,3299,3299,3299,3299,3299,3299,3299,3299,0,0,0,0,0,0,0,1,0,0,0,0,0,0,0,0
"2025-03-02 17:26:14,554",1618,1658,1610,1616,1636,1630,1668,1653,3299,3299,3299,3299,3299,3299,3299,3299,0,0,0,0,0,0,0,1,0,0,0,0,0,0,0,0
"2025-03-02 17:26:14,574",1616,1660,1610,1616,1642,1630,1668,1654,3299,3299,3299,3299,3299,3299,3299,3299,0,0,0,0,0,0,0,1,0,0,0,0,0,0,0,0
"2025-03-02 17:26:14,593",1617,1657,1610,1615,1640,1629,1668,1653,3299,3299,3299,3299,3299,3299,3299,3299,0,0,0,0,0,0,0,1,0,0,0,0,0,0,0,0
"2025-03-02 17:26:14,615",1618,1660,1610,1615,1639,1628,1665,1656,3299,3299,3299,3299,3299,3299,3299,3299,0,0,0,0,0,0,0,1,0,0,0,0,0,0,0,0
"2025-03-02 17:26:14,634",1618,1659,1610,1616,1641,1628,1667,1653,3299,3299,3299,3299,3299,3299,3299,3299,0,0,0,0,0,0,0,1,0,0,0,0,0,0,0,0
"2025-03-02 17:26:14,654",1617,1658,1610,1617,1642,1626,1667,1655,3299,3299,3299,3299,3299,3299,3299,3299,0,0,0,0,0,0,0,1,0,0,0,0,0,0,0,0
"2025-03-02 17:26:14,674",1615,1659,1610,1617,1641,1628,1666,1653,3299,3299,3299,3299,3299,3299,3299,3299,0,0,0,0,0,0,0,1,0,0,0,0,0,0,0,0
"2025-03-02 17:26:14,694",1615,1660,1611,1618,1640,1628,1667,1654,3299,3299,3299,3299,3299,3299,3299,3299,0,0,0,0,0,0,0,1,0,0,0,0,0,0,0,0
"2025-03-02 17:26:14,714",1615,1658,1611,1616,1643,1631,1668,1655,3299,3299,3299,3299,3299,3299,3299,3299,0,0,0,0,0,0,0,1,0,0,0,0,0,0,0,0
"2025-03-02 17:26:14,734",1616,1656,1609,1616,1643,1628,1666,1654,3299,3299,3299,3299,3299,3299,3299,3299,0,0,0,0,0,0,0,1,0,0,0,0,0,0,0,0
"2025-03-02 17:26:14,754",1615,1656,1609,1616,1641,1628,1668,1654,3299,3299,3299,3299,3299,3299,3299,3299,0,0,0,0,0,0,0,1,0,0,0,0,0,0,0,0
"2025-03-02 17:26:14,774",1616,1659,1609,1618,1641,1626,1666,1655,3299,3299,3299,3299,3299,3299,3299,3299,0,0,0,0,0,0,0,1,0,0,0,0,0,0,0,0
"2025-03-02 17:26:14,794",1614,1659,1609,1617,1641,1629,1667,1655,3299,3299,3299,3299,3299,3299,3299,3299,0,0,0,0,0,0,0,1,0,0,0,0,0,0,0,0
"2025-03-02 17:26:14,815",1616,1654,1612,1618,1640,1628,1668,1654,3299,3299,3299,3299,3299,3299,3299,3299,0,0,0,0,0,0,0,1,0,0,0,0,0,0,0,0
"2025-03-02 17:26:14,833",1616,1657,1609,1618,1642,1633,1669,1653,3299,3299,3299,3299,3299,3299,3299,3299,0,0,0,0,0,0,0,1,0,0,0,0,0,0,0,0
"2025-03-02 17:26:14,854",1616,1660,1610,1618,1641,1631,1664,1654,3299,3299,3299,3299,3299,3299,3299,3299,0,0,0,0,0,0,0,0,0,0,0,0,0,0,0,0
"2025-03-02 17:26:14,874",1615,1659,1610,1617,1641,1627,1666,1654,3299,3299,3299,3299,3299,3299,3299,3299,0,0,0,0,0,0,0,0,0,0,0,0,0,0,0,0
"2025-03-02 17:26:14,894",1617,1659,1609,1619,1640,1628,1669,1655,3299,3299,3299,3299,3299,3299,3299,3299,0,0,0,0,0,0,0,0,0,0,0,0,0,0,0,0
"2025-03-02 17:26:14,914",1614,1655,1610,1616,1641,1628,1662,1654,3299,3299,3299,3299,3299,3299,3299,3299,0,0,0,0,0,0,0,0,0,0,0,0,0,0,0,0
"2025-03-02 17:26:14,933",1614,1658,1611,1616,1640,1629,1668,1654,3299,3299,3299,3299,3299,3299,3299,3299,0,0,0,0,0,0,0,0,0,0,0,0,0,0,0,0
"2025-03-02 17:26:14,953",1614,1659,1610,1617,1639,1628,1666,1656,3299,3299,3299,3299,3299,3299,3299,3299,0,0,0,0,0,0,0,0,0,0,0,0,0,0,0,0
"2025-03-02 17:26:14,973",1615,1658,1609,1616,1640,1627,1667,1654,3299,3299,3299,3299,3299,3299,3299,3299,0,0,0,0,0,0,0,0,0,0,0,0,0,0,0,0
"2025-03-02 17:26:14,994",1615,1658,1610,1619,1641,1629,1669,1655,3299,3299,3299,3299,3299,3299,3299,3299,0,0,0,0,0,0,0,0,0,0,0,0,0,0,0,0
"2025-03-02 17:26:15,014",1614,1656,1611,1617,1642,1631,1668,1654,3299,3299,3299,3299,3299,3299,3299,3299,0,0,0,0,0,0,0,0,0,0,0,0,0,0,0,0
"2025-03-02 17:26:15,033",1614,1658,1610,1618,1639,1629,1669,1655,3299,3299,3299,3299,3299,3299,3299,3299,0,0,0,0,0,0,0,0,0,0,0,0,0,0,0,0
"2025-03-02 17:26:15,043",1614,1659,1609,1618,1641,1628,1667,1653,3299,3299,3299,3299,3299,3299,3299,3299,0,0,0,0,0,0,0,0,0,0,0,0,0,0,0,0
"2025-03-02 17:26:15,074",1613,1656,1610,1615,1639,1627,1667,1654,3299,3299,3299,3299,3299,3299,3299,3299,0,0,0,0,0,0,0,0,0,0,0,0,0,0,0,0
"2025-03-02 17:26:15,093",1614,1659,1610,1616,1642,1628,1668,1654,3299,3299,3299,3299,3299,3299,3299,3299,0,0,0,0,0,0,0,0,0,0,0,0,0,0,0,0
"2025-03-02 17:26:15,113",1615,1659,1610,1617,1638,1631,1667,1653,3299,3299,3299,3299,3299,3299,3299,3299,0,0,0,0,0,0,0,0,0,0,0,0,0,0,0,0
"2025-03-02 17:26:15,133",1615,1658,1611,1617,1640,1628,1666,1653,3299,3299,3299,3299,3299,3299,3299,3299,0,0,0,0,0,0,0,0,0,0,0,0,0,0,0,0
"2025-03-02 17:26:15,154",1616,1660,1611,1617,1642,1627,1667,1653,3299,3299,3299,3299,3299,3299,3299,3299,0,0,0,0,0,0,0,0,0,0,0,0,0,0,0,0
"2025-03-02 17:26:15,174",1616,1660,1611,1617,1640,1629,1668,1654,3299,3299,3299,3299,3299,3299,3299,3299,0,0,0,0,0,0,0,0,0,0,0,0,0,0,0,0
"2025-03-02 17:26:15,194",1613,1654,1609,1618,1639,1628,1664,1654,3299,3299,3299,3299,3299,3299,3299,3299,0,0,0,0,0,0,0,0,0,0,0,0,0,0,0,0
"2025-03-02 17:26:15,214",1614,1660,1610,1617,1639,1630,1668,1655,3299,3299,3299,3299,3299,3299,3299,3299,0,0,0,0,0,0,0,0,0,0,0,0,0,0,0,0
"2025-03-02 17:26:15,233",1616,1655,1611,1618,1640,1629,1665,1653,3299,3299,3299,3299,3299,3299,3299,3299,0,0,0,0,0,0,0,0,0,0,0,0,0,0,0,0
"2025-03-02 17:26:15,254",1614,1658,1609,1618,1640,1628,1666,1654,3299,3299,3299,3299,3299,3299,3299,3299,0,0,0,0,0,0,0,0,0,0,0,0,0,0,0,0
"2025-03-02 17:26:15,274",1615,1658,1612,1615,1641,1627,1666,1655,3299,3299,3299,3299,3299,3299,3299,3299,0,0,0,0,0,0,0,0,0,0,0,0,0,0,0,0
"2025-03-02 17:26:15,294",1615,1653,1609,1615,1637,1631,1666,1652,3299,3299,3299,3299,3299,3299,3299,3299,0,0,0,0,0,0,0,0,0,0,0,0,0,0,0,0
"2025-03-02 17:26:15,313",1615,1657,1609,1618,1638,1628,1666,1654,3299,3299,3299,3299,3299,3299,3299,3299,0,0,0,0,0,0,0,0,0,0,0,0,0,0,0,0
"2025-03-02 17:26:15,334",1613,1659,1611,1617,1641,1628,1666,1651,3299,3299,3299,3299,3299,3299,3299,3299,0,0,0,0,0,0,0,0,0,0,0,0,0,0,0,0
"2025-03-02 17:26:15,354",1612,1658,1610,1616,1639,1630,1667,1651,3299,3299,3299,3299,3299,3299,3299,3299,0,0,0,0,0,0,0,0,0,0,0,0,0,0,0,0
"2025-03-02 17:26:15,375",1614,1657,1610,1616,1639,1631,1665,1653,3299,3299,3299,3299,3299,3299,3299,3299,0,0,0,0,0,0,0,0,0,0,0,0,0,0,0,0
"2025-03-02 17:26:15,393",1617,1659,1610,1618,1641,1628,1665,1651,3299,3299,3299,3299,3299,3299,3299,3299,0,0,0,0,0,0,0,0,0,0,0,0,0,0,0,0
"2025-03-02 17:26:15,414",1614,1659,1610,1617,1641,1629,1666,1656,3299,3299,3299,3299,3299,3299,3299,3299,0,0,0,0,0,0,0,0,0,0,0,0,0,0,0,0
"2025-03-02 17:26:15,433",1614,1653,1610,1617,1637,1629,1667,1654,3299,3299,3299,3299,3299,3299,3299,3299,0,0,0,0,0,0,0,0,0,0,0,0,0,0,0,0
"2025-03-02 17:26:15,454",1614,1656,1609,1616,1640,1630,1667,1655,3299,3299,3299,3299,3299,3299,3299,3299,0,0,0,0,0,0,0,0,0,0,0,0,0,0,0,0
"2025-03-02 17:26:15,474",1614,1657,1610,1617,1640,1631,1667,1653,3299,3299,3299,3299,3299,3299,3299,3299,0,0,0,0,0,0,0,0,0,0,0,0,0,0,0,0
"2025-03-02 17:26:15,493",1614,1654,1610,1616,1638,1630,1669,1653,3299,3299,3299,3299,3299,3299,3299,3299,0,0,0,0,0,0,0,0,0,0,0,0,0,0,0,0
"2025-03-02 17:26:15,514",1616,1657,1610,1620,1639,1628,1665,1654,3299,3299,3299,3299,3299,3299,3299,3299,0,0,0,0,0,0,0,0,0,0,0,0,0,0,0,0
"2025-03-02 17:26:15,534",1613,1657,1610,1616,1638,1631,1668,1653,3299,3299,3299,3299,3299,3299,3299,3299,0,0,0,0,0,0,0,0,0,0,0,0,0,0,0,0
"2025-03-02 17:26:15,553",1617,1658,1610,1618,1640,1626,1667,1654,3299,3299,3299,3299,3299,3299,3299,3299,0,0,0,0,0,0,0,0,0,0,0,0,0,0,0,0
"2025-03-02 17:26:15,575",1614,1656,1610,1616,1640,1627,1666,1654,3299,3299,3299,3299,3299,3299,3299,3299,0,0,0,0,0,0,0,0,0,0,0,0,0,0,0,0
"2025-03-02 17:26:15,594",1615,1659,1612,1618,1640,1628,1667,1654,3299,3299,3299,3299,3299,3299,3299,3299,0,0,0,0,0,0,0,0,0,0,0,0,0,0,0,0
"2025-03-02 17:26:15,614",1614,1658,1609,1617,1639,1630,1664,1652,3299,3299,3299,3299,3299,3299,3299,3299,0,0,0,0,0,0,0,0,0,0,0,0,0,0,0,0
"2025-03-02 17:26:15,633",1614,1660,1612,1617,1640,1628,1667,1654,3299,3299,3299,3299,3299,3299,3299,3299,0,0,0,0,0,0,0,0,0,0,0,0,0,0,0,0
"2025-03-02 17:26:15,654",1615,1657,1610,1616,1640,1628,1668,1654,3299,3299,3299,3299,3299,3299,3299,3299,0,0,0,0,0,0,0,0,0,0,0,0,0,0,0,0
"2025-03-02 17:26:15,675",1614,1660,1610,1616,1640,1629,1666,1649,3299,3299,3299,3299,3299,3299,3299,3299,0,0,0,0,0,0,0,0,0,0,0,0,0,0,0,0
"2025-03-02 17:26:15,693",1612,1654,1609,1617,1641,1630,1667,1652,3299,3299,3299,3299,3299,3299,3299,3299,0,0,0,0,0,0,0,0,0,0,0,0,0,0,0,0
"2025-03-02 17:26:15,714",1616,1658,1611,1618,1640,1629,1667,1652,3299,3299,3299,3299,3299,3299,3299,3299,0,0,0,0,0,0,0,0,0,0,0,0,0,0,0,0
"2025-03-02 17:26:15,733",1615,1657,1611,1615,1636,1629,1661,1654,3299,3299,3299,3299,3299,3299,3299,3299,0,0,0,0,0,0,0,0,0,0,0,0,0,0,0,0
"2025-03-02 17:26:15,753",1614,1660,1611,1617,1639,1627,1667,1654,3299,3299,3299,3299,3299,3299,3299,3299,0,0,0,0,0,0,0,0,0,0,0,0,0,0,0,0
"2025-03-02 17:26:15,774",1615,1658,1610,1617,1639,1630,1667,1653,3299,3299,3299,3299,3299,3299,3299,3299,0,0,0,0,0,0,0,1,0,0,0,0,0,0,0,0
"2025-03-02 17:26:15,793",1615,1657,1610,1616,1638,1628,1666,1654,3299,3299,3299,3299,3299,3299,3299,3299,0,0,0,0,0,0,0,1,0,0,0,0,0,0,0,0
"2025-03-02 17:26:15,813",1615,1657,1612,1616,1638,1630,1666,1654,3299,3299,3299,3299,3299,3299,3299,3299,0,0,0,0,0,0,0,1,0,0,0,0,0,0,0,0
"2025-03-02 17:26:15,833",1614,1659,1610,1616,1638,1629,1665,1653,3299,3299,3299,3299,3299,3299,3299,3299,0,0,0,0,0,0,0,1,0,0,0,0,0,0,0,0
"2025-03-02 17:26:15,853",1615,1656,1611,1616,1643,1627,1668,1654,3299,3299,3299,3299,3299,3299,3299,3299,0,0,0,0,0,0,0,1,0,0,0,0,0,0,0,0
"2025-03-02 17:26:15,874",1615,1659,1611,1618,1638,1630,1667,1654,3299,3299,3299,3299,3299,3299,3299,3299,0,0,0,0,0,0,0,1,0,0,0,0,0,0,0,0
"2025-03-02 17:26:15,894",1615,1656,1610,1617,1640,1627,1665,1652,3299,3299,3299,3299,3299,3299,3299,3299,0,0,0,0,0,0,0,1,0,0,0,0,0,0,0,0
"2025-03-02 17:26:15,913",1615,1659,1609,1617,1640,1628,1668,1653,3299,3299,3299,3299,3299,3299,3299,3299,0,0,0,0,0,0,0,1,0,0,0,0,0,0,0,0
"2025-03-02 17:26:15,933",1614,1658,1611,1617,1639,1629,1664,1654,3299,3299,3299,3299,3299,3299,3299,3299,0,0,0,0,0,0,0,1,0,0,0,0,0,0,0,0
"2025-03-02 17:26:15,953",1615,1657,1610,1619,1640,1629,1667,1656,3299,3299,3299,3299,3299,3299,3299,3299,0,0,0,0,0,0,0,1,0,0,0,0,0,0,0,0
"2025-03-02 17:26:15,974",1615,1658,1609,1615,1637,1631,1666,1653,3299,3299,3299,3299,3299,3299,3299,3299,0,0,0,0,0,0,0,1,0,0,0,0,0,0,0,0
"2025-03-02 17:26:15,994",1614,1653,1609,1617,1637,1627,1665,1651,3299,3299,3299,3299,3299,3299,3299,3299,0,0,0,0,0,0,0,1,0,0,0,0,0,0,0,0
"2025-03-02 17:26:16,013",1616,1655,1611,1616,1639,1628,1666,1652,3299,3299,3299,3299,3299,3299,3299,3299,0,0,0,0,0,0,0,1,0,0,0,0,0,0,0,0
"2025-03-02 17:26:16,033",1614,1655,1609,1616,1638,1630,1668,1651,3299,3299,3299,3299,3299,3299,3299,3299,0,0,0,0,0,0,0,1,0,0,0,0,0,0,0,0
"2025-03-02 17:26:16,053",1613,1659,1610,1618,1639,1628,1666,1652,3299,3299,3299,3299,3299,3299,3299,3299,0,0,0,0,0,0,0,1,0,0,0,0,0,0,0,0
"2025-03-02 17:26:16,074",1615,1659,1610,1617,1641,1628,1667,1653,3299,3299,3299,3299,3299,3299,3299,3299,0,0,0,0,0,0,0,1,0,0,0,0,0,0,0,0
"2025-03-02 17:26:16,093",1614,1658,1609,1616,1642,1628,1666,1655,3299,3299,3299,3299,3299,3299,3299,3299,0,0,0,0,0,0,0,1,0,0,0,0,0,0,0,0
"2025-03-02 17:26:16,113",1614,1659,1607,1617,1639,1631,1666,1652,3299,3299,3299,3299,3299,3299,3299,3299,0,0,0,0,0,0,0,1,0,0,0,0,0,0,0,0
"2025-03-02 17:26:16,133",1614,1657,1610,1618,1637,1629,1665,1652,3299,3299,3299,3299,3299,3299,3299,3299,0,0,0,0,0,0,0,1,0,0,0,0,0,0,0,0
"2025-03-02 17:26:16,153",1613,1660,1610,1616,1637,1629,1667,1654,3299,3299,3299,3299,3299,3299,3299,3299,0,0,0,0,0,0,0,1,0,0,0,0,0,0,0,0
"2025-03-02 17:26:16,173",1614,1660,1610,1617,1641,1629,1666,1654,3299,3299,3299,3299,3299,3299,3299,3299,0,0,0,0,0,0,0,1,0,0,0,0,0,0,0,0
"2025-03-02 17:26:16,193",1613,1659,1608,1616,1640,1629,1666,1653,3299,3299,3299,3299,3299,3299,3299,3299,0,0,0,0,0,0,0,1,0,0,0,0,0,0,0,0
"2025-03-02 17:26:16,212",1615,1656,1612,1616,1641,1629,1665,1654,3299,3299,3299,3299,3299,3299,3299,3299,0,0,0,0,0,0,0,1,0,0,0,0,0,0,0,0
"2025-03-02 17:26:16,233",1611,1658,1609,1618,1637,1628,1667,1652,3299,3299,3299,3299,3299,3299,3299,3299,0,0,0,0,0,0,0,1,0,0,0,0,0,0,0,0
"2025-03-02 17:26:16,253",1614,1659,1611,1616,1639,1630,1665,1653,3299,3299,3299,3299,3299,3299,3299,3299,0,0,0,0,0,0,0,1,0,0,0,0,0,0,0,0
"2025-03-02 17:26:16,274",1614,1657,1612,1616,1638,1631,1666,1654,3299,3299,3299,3299,3299,3299,3299,3299,0,0,0,0,0,0,0,1,0,0,0,0,0,0,0,0
"2025-03-02 17:26:16,293",1613,1653,1609,1617,1640,1630,1666,1647,3299,3299,3299,3299,3299,3299,3299,3299,0,0,0,0,0,0,0,1,0,0,0,0,0,0,0,0
"2025-03-02 17:26:16,313",1615,1655,1610,1616,1638,1630,1665,1654,3299,3299,3299,3299,3299,3299,3299,3299,0,0,0,0,0,0,0,1,0,0,0,0,0,0,0,0
"2025-03-02 17:26:16,333",1613,1655,1609,1617,1637,1630,1666,1654,3299,3299,3299,3299,3299,3299,3299,3299,0,0,0,0,0,0,0,1,0,0,0,0,0,0,0,0
"2025-03-02 17:26:16,353",1614,1653,1609,1616,1638,1628,1665,1654,3299,3299,3299,3299,3299,3299,3299,3299,0,0,0,0,0,0,0,1,0,0,0,0,0,0,0,0
"2025-03-02 17:26:16,374",1615,1655,1610,1617,1641,1630,1663,1652,3299,3299,3299,3299,3299,3299,3299,3299,0,0,0,0,0,0,0,1,0,0,0,0,0,0,0,0
"2025-03-02 17:26:16,393",1613,1659,1609,1618,1638,1628,1663,1653,3299,3299,3299,3299,3299,3299,3299,3299,0,0,0,0,0,0,0,1,0,0,0,0,0,0,0,0
"2025-03-02 17:26:16,413",1613,1655,1610,1614,1641,1629,1661,1654,3299,3299,3299,3299,3299,3299,3299,3299,0,0,0,0,0,0,0,1,0,0,0,0,0,0,0,0
"2025-03-02 17:26:16,433",1614,1653,1609,1615,1637,1632,1667,1654,3299,3299,3299,3299,3299,3299,3299,3299,0,0,0,0,0,0,0,1,0,0,0,0,0,0,0,0
"2025-03-02 17:26:16,453",1614,1659,1610,1617,1636,1631,1663,1653,3299,3299,3299,3299,3299,3299,3299,3299,0,0,0,0,0,0,0,1,0,0,0,0,0,0,0,0
"2025-03-02 17:26:16,473",1613,1657,1610,1617,1640,1630,1668,1655,3299,3299,3299,3299,3299,3299,3299,3299,0,0,0,0,0,0,0,1,0,0,0,0,0,0,0,0
"2025-03-02 17:26:16,493",1613,1660,1610,1616,1638,1630,1662,1653,3299,3299,3299,3299,3299,3299,3299,3299,0,0,0,0,0,0,0,1,0,0,0,0,0,0,0,0
"2025-03-02 17:26:16,513",1613,1657,1610,1617,1640,1630,1667,1653,3299,3299,3299,3299,3299,3299,3299,3299,0,0,0,0,0,0,0,1,0,0,0,0,0,0,0,0
